0 0.182407 0.260417 0.057407 0.062500
0 0.257407 0.256250 0.053704 0.063889
0 0.331019 0.252431 0.043519 0.063194
0 0.482407 0.247569 0.038889 0.061806
0 0.562037 0.244097 0.038889 0.061806
0 0.637037 0.238889 0.031481 0.062500
0 0.796759 0.234375 0.037963 0.064583
0 0.198148 0.361458 0.046296 0.059028
0 0.416204 0.354167 0.039815 0.058333
0 0.491667 0.352083 0.038889 0.061111
0 0.564815 0.350347 0.038889 0.057639
0 0.219444 0.455208 0.044444 0.056250
0 0.357870 0.451042 0.043519 0.054861
0 0.428704 0.449653 0.042593 0.056250
0 0.498611 0.447569 0.041667 0.054861
0 0.788889 0.439931 0.038889 0.057639
0 0.368056 0.537500 0.034259 0.052778
0 0.572222 0.536458 0.033333 0.050694
0 0.643056 0.534722 0.037963 0.051389
0 0.378704 0.623611 0.031481 0.050000
0 0.444444 0.622569 0.025926 0.050694
0 0.507870 0.620139 0.023148 0.052778
0 0.642130 0.619792 0.026852 0.056250
0 0.388426 0.699306 0.026852 0.055556
1 0.393056 0.250694 0.071296 0.063889
1 0.712500 0.236806 0.037963 0.062500
1 0.641667 0.345833 0.031481 0.059722
1 0.274537 0.358333 0.049074 0.056944
1 0.344444 0.355556 0.042593 0.058333
1 0.718519 0.344792 0.048148 0.059028
1 0.791667 0.340625 0.042593 0.060417
1 0.286111 0.451736 0.046296 0.053472
1 0.568519 0.446181 0.040741 0.057639
1 0.639352 0.440972 0.041667 0.059722
1 0.710185 0.439931 0.040741 0.057639
1 0.231481 0.542014 0.038889 0.059028
1 0.300926 0.540972 0.037037 0.056944
1 0.422685 0.536806 0.062037 0.051389
1 0.504630 0.534375 0.038889 0.054861
1 0.709722 0.532292 0.036111 0.060417
1 0.781944 0.529167 0.039815 0.058333
1 0.250463 0.623611 0.034259 0.052778
1 0.317593 0.622569 0.042593 0.057639
1 0.577315 0.617708 0.034259 0.056250
1 0.712500 0.613542 0.037963 0.057639
1 0.779630 0.614236 0.035185 0.056250
1 0.263426 0.698611 0.034259 0.052778
1 0.325463 0.697917 0.026852 0.051389
1 0.450926 0.695833 0.029630 0.054167
1 0.516667 0.692014 0.033333 0.057639
1 0.578241 0.694792 0.026852 0.056250
1 0.644444 0.694444 0.027778 0.056944
1 0.707870 0.692708 0.026852 0.053472
1 0.772685 0.695833 0.026852 0.055556
