1 0.468981 0.613542 0.032407 0.070139
1 0.624537 0.615278 0.036111 0.069444
1 0.705093 0.614236 0.041667 0.071528
1 0.201852 0.421528 0.044444 0.102778
1 0.278704 0.421528 0.035185 0.106944
1 0.364352 0.419792 0.041667 0.106250
1 0.451389 0.419792 0.036111 0.106250
1 0.531019 0.417014 0.028704 0.104861
1 0.771759 0.509028 0.073148 0.073611
1 0.857870 0.506944 0.087963 0.069444
1 0.383333 0.628472 0.046296 0.087500
0 0.221296 0.513889 0.044444 0.068056
0 0.301852 0.514583 0.048148 0.069444
0 0.381944 0.511806 0.043519 0.068056
0 0.458796 0.512153 0.041667 0.067361
0 0.541667 0.509722 0.037037 0.069444
0 0.623611 0.510417 0.037963 0.070833
0 0.702778 0.509375 0.040741 0.068750
1 0.623611 0.396528 0.039815 0.075000
1 0.709259 0.392708 0.044444 0.072917
1 0.800000 0.410764 0.037037 0.109028
1 0.884259 0.408681 0.042593 0.106250
