1 0.450463 0.314236 0.067593 0.067361
1 0.768519 0.324653 0.031481 0.061806
1 0.343519 0.392361 0.035185 0.058333
1 0.409259 0.395139 0.029630 0.056944
1 0.681944 0.403472 0.030556 0.055556
1 0.749074 0.407292 0.035185 0.054861
1 0.823148 0.410417 0.033333 0.058333
1 0.357870 0.462500 0.028704 0.052778
1 0.608796 0.475694 0.025000 0.050000
1 0.671759 0.478125 0.026852 0.052083
1 0.738426 0.479167 0.025000 0.056944
1 0.317593 0.521181 0.027778 0.049306
1 0.374074 0.525000 0.025926 0.050000
1 0.475000 0.531250 0.050000 0.051389
1 0.544907 0.532639 0.026852 0.051389
1 0.667130 0.540278 0.028704 0.051389
1 0.791667 0.545486 0.027778 0.054861
1 0.329630 0.577778 0.031481 0.048611
1 0.386574 0.579514 0.026852 0.046528
1 0.549074 0.590625 0.027778 0.045139
1 0.603241 0.591319 0.026852 0.047917
1 0.660185 0.597917 0.024074 0.043056
1 0.715741 0.601389 0.024074 0.048611
1 0.342593 0.628472 0.031481 0.034722
0 0.256481 0.309375 0.040741 0.064583
0 0.323611 0.309722 0.039815 0.062500
0 0.390741 0.312847 0.027778 0.071528
0 0.537963 0.315625 0.029630 0.068750
0 0.611574 0.316667 0.028704 0.068056
0 0.686574 0.316667 0.028704 0.063889
0 0.845370 0.322917 0.038889 0.072222
0 0.278704 0.389583 0.037037 0.055556
0 0.474074 0.397569 0.031481 0.059028
0 0.541667 0.400694 0.031481 0.061111
0 0.608333 0.401389 0.024074 0.058333
0 0.298611 0.461458 0.032407 0.050694
0 0.419444 0.466319 0.031481 0.052083
0 0.481944 0.469097 0.028704 0.054861
0 0.542593 0.472222 0.024074 0.052778
0 0.805093 0.481944 0.030556 0.058333
0 0.427315 0.529861 0.026852 0.052778
0 0.604167 0.537847 0.023148 0.049306
0 0.725926 0.543403 0.029630 0.053472
0 0.775463 0.604167 0.026852 0.051389
0 0.434722 0.585069 0.021296 0.045139
0 0.488889 0.586806 0.022222 0.045833
0 0.393519 0.631250 0.022222 0.040278
0 0.444444 0.633681 0.018519 0.039583
0 0.495370 0.638542 0.022222 0.043750
0 0.550000 0.639931 0.024074 0.042361
